 -6.79240450e-02
 3.79522335e-01
 -6.06492203e-01
 1.82960545e+00
 -2.51125918e+00
 -2.72273594e+00
 -2.32386879e+00
 -1.38656443e+00
 1.18740860e+00
 -3.05910251e+00
 2.41078885e+00
 -1.65228910e+00
 -1.91339741e+00
 2.90027469e+00
 2.98051254e+00
 2.28441433e+00
 -2.31723801e+00
 2.22310122e+00
 2.41587709e+00
 -2.62922022e-02
 2.33748797e+00
 4.43463442e+00
 9.96805178e-02
 -2.16742346e+00
 2.60089185e+00
 4.25035743e+00
 -2.63275848e+00
 2.76632608e+00
 4.77515458e+00
 3.74536665e+00
 -2.26361144e+00
 -1.18436025e+00
 8.88977901e-01
 -8.77409519e-01
 1.87020072e+00
 2.56954231e+00
 2.25328368e-01
 1.01634542e+00
 -1.74567586e+00
 -1.18666972e+00
 8.21024600e-01
 5.37840904e-01
 -9.26053001e-01
 3.46532427e+00
 5.27416709e+00
 3.18122857e+00
 -1.57951599e+00
 7.84443629e-01
 -1.85907362e+00
 3.04397417e+00
 1.57176048e+00
 4.30582074e-01
 -3.88655313e-01
 -5.76737222e+00
 -2.40225462e-01
 2.84043245e+00
 1.84424012e-01
 1.86707380e+00
 -2.80783181e+00
 -3.44045198e-01
 1.28304383e+00
 -9.41065766e-01
 5.30189605e+00
 -2.82439643e+00
