 -1.31597512e+00
 2.22466094e+00
 -5.38800998e+00
 6.31579765e-01
 -2.32493318e+00
 6.65792691e-01
 -2.35055004e+00
 -7.34725294e-01
 1.58082395e+00
 4.55600849e+00
 -1.12492439e+00
 1.86151489e+00
 -1.70497447e-01
 2.42983752e+00
 -1.01987750e-01
 -2.06569956e-01
 -9.29960122e-01
 -2.53787111e+00
 -8.30099279e-01
 5.07495024e-01
 1.45115941e+00
 -3.88306539e+00
 -3.40461834e-01
 3.33595840e-01
 4.15356209e+00
 -7.75975033e-01
 2.01806301e+00
 -1.41893726e+00
 4.32480250e+00
 -1.05312538e+00
 -1.26778650e+00
 -2.39265326e+00
 4.06887908e-01
 -6.38077853e-01
 -1.93984674e+00
 1.82721570e+00
 -2.58914521e+00
 -2.20866203e+00
 -5.28123658e-01
 3.60679568e+00
 5.06876794e-01
 3.33692822e+00
 2.12268713e+00
 4.78261916e-01
 5.50950805e+00
 1.97336228e+00
 1.80759442e+00
 -4.55461118e-01
 2.07917386e+00
 -2.60816338e+00
 -5.78941218e-01
 2.74348932e+00
 3.47058286e+00
 9.91325436e-01
 2.92045609e-01
 3.76809415e+00
 2.69643356e+00
 3.40692121e+00
 1.10306800e+00
 1.70978605e+00
 7.01998958e-01
 -1.58857012e+00
 7.36954862e-01
 3.79187396e-01
