 2.33842130e+00
 -3.10571830e-01
 -2.35113480e+00
 8.45817291e-01
 -1.38216063e+00
 -2.12912409e-01
 1.14650424e+00
 3.25166147e+00
 2.38024923e+00
 5.88985193e-02
 3.08765655e+00
 1.88074428e+00
 -6.95271000e-03
 -1.72328150e+00
 2.16750376e+00
 2.52707540e+00
 5.10648593e-01
 2.42231224e+00
 4.99836257e-01
 2.12016833e+00
 4.11769489e+00
 3.25130020e+00
 -6.95802108e-02
 2.45888009e+00
 1.10838547e+00
 -4.39073970e+00
 -1.75001704e-01
 8.97383065e-01
 -4.34969805e-01
 -7.94258742e-01
 -2.10162005e+00
 1.63624825e+00
 6.59525171e-01
 -2.13418300e+00
 2.84424107e-01
 8.45106950e-01
 1.16878652e+00
 -1.82415922e-01
 4.40378917e-01
 -1.02438438e+00
 -3.57685756e-01
 2.01172483e+00
 -4.01564741e+00
 -1.21405663e-02
 1.79409550e+00
 3.56429960e+00
 1.43196504e+00
 7.88251436e-01
 1.87726765e+00
 -1.34180586e+00
 2.68512025e-01
 -1.45009291e+00
 -4.56548128e-01
 1.40538428e+00
 2.03486342e+00
 -2.55756936e+00
 -6.82460906e-01
 2.91752652e+00
 -1.80835554e+00
 2.19169969e+00
 -2.68069666e+00
 7.24767224e-01
 -5.12996077e-01
 2.28300301e+00
 3.74433674e-01
 -9.24044682e-01
 -3.89595139e-01
 -2.16506763e-01
 2.05689021e+00
 -2.20168069e+00
 -2.29563470e+00
 9.85802078e-01
 -4.75605172e+00
 5.40650229e-01
 -1.36462913e+00
 -1.14426117e+00
 3.88435732e+00
 1.42559704e+00
 3.72270484e-01
 -1.72601742e+00
 -2.83214418e+00
 5.07892508e+00
 1.40657906e+00
 8.74014963e-01
 5.23996695e-02
 -1.55548767e-01
 1.38355968e+00
 6.07542455e+00
 2.57744999e+00
 -1.63889803e+00
 4.06821540e+00
 2.15948560e+00
 3.96582788e-01
 1.24239711e+00
 -3.63078289e-01
 6.13404690e-01
 2.72049831e+00
 -8.50765902e-02
 9.97808118e-01
 -1.35823791e+00
 -7.74238732e-01
 -1.48587883e+00
 -3.41842101e+00
 2.07551410e+00
 2.10103613e+00
 -3.55778898e+00
 1.56113967e-01
 7.32651909e-01
 -1.99773796e+00
 -1.86339529e+00
 -2.76806650e+00
 -2.14783980e+00
 -4.99392719e-01
 4.79990053e+00
 2.11071039e+00
 -1.69235106e-01
 3.66776791e+00
 6.00306412e+00
 -1.21311568e+00
 1.42108269e+00
 3.36557430e+00
 -1.70499958e+00
 6.70365827e-01
 -2.17087208e-01
 -6.46050681e-01
 7.83626296e-01
 1.12729806e+00
 -5.47760391e-01
