 -2.68653331e+00
 -5.38201231e+00
 -3.38891974e-01
 1.67966791e+00
 4.58534723e-01
 2.65411231e+00
 -8.65266850e-01
 -1.00959940e+00
 -2.98524121e+00
 -2.01772624e+00
 4.86973874e-01
 2.55086828e+00
 1.85762251e+00
 -2.14362403e-01
 -3.40373592e-01
 3.57656928e+00
 -1.83965223e+00
 3.59736501e+00
 2.72610713e+00
 1.18423196e+00
 -3.98463000e-01
 1.44472908e+00
 -1.10648938e+00
 6.69194799e-02
 2.06996345e+00
 1.62443376e+00
 3.72457827e+00
 1.29183745e+00
 6.45326590e-01
 6.91273082e-01
 5.80250902e-01
 -3.50378309e-01
 -1.13505196e+00
 -6.49884366e-01
 -6.49016071e-01
 2.35822213e+00
 3.88615807e+00
 3.69944050e+00
 3.21971583e+00
 3.23654596e+00
 -4.30877142e+00
 -6.83320636e-01
 2.48856851e+00
 -9.83098147e-01
 1.68441156e-01
 3.94031637e+00
 -2.19288967e+00
 -1.78639259e+00
 3.76760485e+00
 -1.24745775e+00
 9.27114424e-01
 -1.16627777e+00
 3.82848878e+00
 2.73862932e+00
 -1.15614255e+00
 1.64791029e+00
 1.36530298e+00
 -1.36348652e+00
 2.99906610e+00
 -1.69432875e+00
 1.36432640e-01
 -2.80582452e+00
 4.04198865e+00
 -5.97616112e-01
 -9.47548107e-01
 4.12406789e-01
 5.94055835e-01
 9.93016566e-01
 -2.72883685e+00
 8.67892809e-01
 -1.80907316e+00
 1.34984859e-01
 -1.19423998e+00
 5.66150757e-01
 2.76670421e+00
 3.56071226e+00
 8.87997285e-01
 1.20733185e+00
 2.27521651e-01
 1.78169021e+00
 3.77177736e+00
 2.83842953e+00
 6.63448056e-01
 -1.41179816e+00
 -1.22041902e+00
 8.37913977e-01
 3.18007049e+00
 1.08367261e+00
 8.41940659e-01
 3.59781917e+00
 7.38134504e-01
 7.16810009e-01
 4.07885099e+00
 2.22850908e+00
 1.36726927e+00
 2.97230814e+00
 2.62849771e+00
 -9.03941563e-01
 -1.90441015e+00
 -6.52107843e-01
 -3.27230602e-01
 -1.37515132e+00
 2.80428463e+00
 -7.02877808e-01
 -9.78725781e-01
 -1.68697057e+00
 1.74634492e+00
 2.76828691e+00
 8.94629497e-01
 3.73650314e-01
 1.03901979e+00
 4.19025795e+00
 4.10318794e+00
 -4.80242408e-01
 -6.54993018e-01
 -2.08097241e+00
 1.22880591e+00
 -2.51410457e+00
 1.71359736e+00
 2.70521700e+00
 -2.24801614e-02
 3.98413043e+00
 1.78592578e-02
 -2.79320905e-01
 1.21231672e+00
 3.13898634e-01
 -3.28575795e+00
 3.97602128e-01
